SUBSTRATE_INFO <-
structure(c("154-23-4", "22832-87-7", "72-40-2", "97-00-7", "3811-73-2",
"10593-29-0", "5144-89-8", "306-37-6", "57-55-6", "4759-48-2",
"17455-13-9", "2041-14-7", "154-17-6", "33068-19-8", "533-67-5",
"54-21-7", "1562-00-1", "527-73-1", "90-43-7", "366-18-7", "513-85-9",
"431-03-8", "84176-65-8", "51-28-5", "16373-93-6", "951-77-9",
"961-07-9", "890-38-0", "951-78-0", "61-82-5", "513-86-0", "28822-58-4",
"6057-48-3", "146-72-5", "93-03-8", "99-34-3", "504-24-5", "114-63-6",
"51-35-4", "1076-38-6", "56-57-5", "521-18-6", "6559-91-7", "320-67-2",
"130-26-7", "3094-09-5", "2022-85-7", "703-95-7", "51-21-8",
"1190-94-9", "4350-09-8", "91446-96-7", "72-80-0", "773-76-2",
"329-89-5", "53411-70-4", "148-24-3", "10016-20-3", "56401-20-8",
"5989-81-1", "19054-57-0", "21461-84-7", "2013-26-5", "22202-68-2",
"1821-02-9", "3396-99-4", "97-30-3", "617-04-9", "96-27-5", "60-35-5",
"127-09-3", "3483-11-2", "52583-41-2", "57576-44-0", "8048-52-0",
"69235-50-3", "6055-72-7", "58-61-7", "130-49-4", "37063-35-7",
"84-21-9", "37839-81-9", "18422-05-4", "488-81-3", "9002-60-2",
"2482-00-0", "60504-57-6", "1948-31-8", "5874-90-8", "16709-12-9",
"31796-57-3", "20727-65-5", "39537-23-0", "13187-90-1", "687-69-4",
"3253-17-6", "29727-65-9", "3303-34-2", "68973-27-3", "14486-05-6",
"3061-90-3", "13485-59-1", "3303-41-1", "24032-50-6", "16305-75-2",
"3061-88-9", "3303-45-5", "52-39-1", "22573-93-9", "302-79-4",
"97-59-6", "2244-11-3", "645-05-6", "10043-01-3", "39831-55-5",
"52417-22-8", "54-62-6", "549-18-8", "540-69-2", "12125-02-9",
"7783-20-2", "26787-78-0", "69-53-4", "29883-15-6", "10212-25-6",
"118-92-3", "10025-91-9", "65710-07-8", "497-76-7", "40968-45-4",
"15483-27-9", "15706-88-4", "2483-17-2", "15706-89-5", "62632-70-6",
"1188-24-5", "40968-46-5", NA, "2047-13-4", "70921-62-9", "25615-38-7",
"74863-12-0", "2896-20-0", "113-79-1", "20917-58-2", "145314-87-0",
"13433-02-8", "58471-53-7", "13433-13-1", "6157-06-8", "3790-51-0",
"3062-14-4", "5891-51-0", "13433-09-5", "71835-79-5", "13433-04-0",
"51-55-8", "115-02-6", "446-86-6", "461-89-2", "37091-65-9",
"78110-38-0", "34322-87-7", "2672-88-0", "305-84-0", "17136-28-6",
"107-95-9", "51887-89-9", "7585-39-9", "2595-97-3", "50-28-2",
"554-91-6", "1948-48-7", "154804-51-0", "150-83-4", "1824-94-8",
"709-50-2", "134253-42-2", "612-05-5", "53-84-9", "518-29-6",
"156-28-5", "73630-08-7", "14919-77-8", "1670-14-0", "121-54-0",
"633-65-8", "107-43-7", "108-19-0", "3513-03-9", "9041-93-4",
"10043-35-3", "923-06-8", "55-98-1", "2386-54-1", "13952-84-6",
"156-54-7", "462-94-2", "7790-78-5", "58-08-2", "9007-12-9",
"32222-06-3", "10043-52-4", "7689-03-4", "1405-37-4", "1002-62-6",
"10051-44-2", "133-06-2", "72461-86-0", "4800-94-6", "41575-94-4",
"61422-45-5", "154-93-8", "555-60-2", "42540-40-9", "25953-19-9",
"56796-39-5", "62893-20-3", "64485-93-4", "33564-30-6", "52152-93-9",
"104376-79-6", "55268-75-2", "34157-83-0", "58-71-9", "481-49-2",
"7647-17-8", "6004-24-6", "3895-92-9", "305-03-3", "56-75-7",
"56-95-1", "50-63-5", "88-04-0", "69-09-0", "64-72-2", "77-91-8",
"12678-07-8", NA, "617-12-9", "10060-12-5", "140-10-3", "28657-80-9",
"85721-33-1", "585-84-2", "15663-27-1", "498-23-7", "6132-04-3",
"50-41-9", "7081-44-9", "7791-13-1", "64-86-8", "1264-72-8",
"94724-12-6", "10125-13-0", "7758-99-8", "91-64-5", "57-00-1",
"19230-81-0", "548-62-9", "68-19-9", "66-81-9", "6055-19-2",
"19246-18-5", "535-34-2", "156-57-0", "3724-89-8", "147-94-4",
"6018-48-0", "85-94-9", "15718-51-1", "84-52-6", "3616-08-8",
"6757-06-8", "71-30-7", "669-90-9", "70195-25-4", "80731-10-8",
"923-16-0", "3997-90-8", "77286-90-9", "67113-60-4", "338-69-2",
"627-95-2", "5451-09-2", "10323-20-3", "488-82-4", "5794-24-1",
"1783-96-6", "58-85-5", "528-50-7", "6236-10-8", "68-41-7", "207121-46-8",
"57-48-7", "26177-86-6", "3615-37-0", "2782-07-2", "1772-03-8",
"59-23-4", "91510-62-2", "527-07-1", "66-84-2", "70442-23-8",
"3646-68-2", "50-99-7", "3671-99-6", "14984-34-0", "6893-26-1",
"17392-83-5", "81025-04-9", "38689-30-4", "997-05-7", "3303-29-5",
"923-27-3", "636-61-3", "6363-53-7", "69-65-8", "5505-63-5",
"3458-28-4", "99749-54-9", "33068-18-7", "10030-67-8", "585-99-9",
"348-67-4", "137-08-6", "551-68-8", "17629-30-0", "5336-08-3",
"50-69-1", "576-42-1", "138-52-3", "312-84-5", "50-70-4", "87-81-0",
"147-71-7", "632-20-2", "6138-23-4", "640-68-6", "58-86-6", "2835-81-6",
"644-90-6", "3325-00-6", "1077-28-7", "461-05-2", "2577-62-0",
"67-21-0", "65144-02-7", "50-21-5", "940-69-2", "6915-15-7",
"36207-43-9", "674-26-0", "770-05-8", "318-98-9", "55779-32-3",
"50-76-0", "20830-81-3", "138-14-7", "522-17-8", "64-73-3", "522-51-0",
"50-02-2", "9004-53-9", "10465-78-8", "120-46-7", "362-74-3",
"1085-98-9", "90-89-1", "5490-27-7", "96-26-4", "7314-30-9",
"97-77-8", "13473-25-1", "1119-94-4", "2439-10-3", "538-71-6",
"23214-92-8", "10592-13-9", "608-66-2", "60-32-2", "96702-03-3",
"6381-92-6", "13368-13-3", NA, "476-66-4", "483-18-1", "518-82-1",
"74011-58-8", "51-43-4", "114-07-8", "22668-01-5", "141-43-5",
"536-33-4", "75-04-7", "107-21-1", "333-18-6", "33419-42-0",
"130391-54-7", "370-86-5", "10025-77-1", NA, "50-91-9", "86386-73-4",
"59-30-3", "75-12-7", "566-48-3", "17013-01-3", "3759-92-0",
"536-69-6", "751-94-0", "56-12-2", "17465-86-0", "6729-55-1",
"1948-29-4", "502-85-2", "149-91-7", "60748-06-3", "9000-70-8",
"108321-42-2", "1405-41-0", "304853-26-7", "54419-93-1", "88830-90-4",
"2650-65-9", "21064-18-6", "3918-84-1", "3929-61-1", "13716-89-7",
"5875-38-7", "38101-59-6", "3422-39-7", "5879-06-1", "9007-92-5",
"3789-97-7", "70-18-8", "3695-73-6", "18635-55-7", "1999-33-3",
"4685-12-5", "57281-78-4", "691-81-6", "17343-03-2", "82660-87-5",
"7361-42-4", "10521-49-0", "13115-71-4", "7412-78-4", "556-50-3",
"19729-30-7", "71184-74-2", "556-33-2", "69242-40-6", "14857-82-0",
"6234-26-0", "2489-13-6", "49557-75-7", "19461-38-2", "869-19-2",
"31461-63-9", "554-94-9", "3321-03-7", "13116-21-7", "704-15-4",
"7361-43-5", "7093-70-1", "2390-74-1", "658-79-7", "1963-21-9",
"56-81-5", "56-40-6", "5349-80-4", "9005-79-2", "79-14-1", "563-96-2",
"303-45-7", "1455-77-2", "50-01-1", "635-39-2", "118-00-3", "6027-83-4",
"15718-49-7", "97416-83-6", "40732-48-7", "5550-12-9", "486-84-0",
"15489-90-4", "70-30-4", "10534-89-1", "9002-72-6", "16874-75-2",
"41658-60-0", "53634-28-9", "2578-58-7", "306-14-9", "7763-65-7",
"151151-29-0", "2488-11-1", "20930-58-9", "21438-60-8", "23403-90-9",
"35979-00-1", "76019-15-3", "56-92-8", "50-23-7", "5470-11-1",
"127-07-1", "31282-04-9", "10039-56-2", "300-84-5", "68-94-0",
"31121-93-4", NA, "67763-96-6", NA, "110942-02-4", NA, NA, "24787-73-3",
"55715-01-0", "59652-59-4", NA, "868-28-0", "97284-12-3", "42537-99-5",
"26462-22-6", "42384-14-5", "22951-98-0", "37462-92-3", "6403-14-1",
"13589-06-5", "38579-21-4", "41017-96-3", "700-06-1", "58-63-9",
"14306-25-3", "9004-10-8", "9005-80-5", "7553-56-2", "305-53-3",
"146-68-9", "54-85-3", "97-65-4", "16846-24-5", "481-39-0", "25389-94-0",
"22071-15-4", "33208-99-0", "56-41-7", "87-72-9", "7643-75-6",
"1119-34-2", "35832-00-9", "70-47-3", "3792-50-5", "1955-68-6",
"44985-71-9", "372-75-8", "23537-25-9", "7048-04-6", "1115-65-7",
"28052-93-9", "2438-80-4", "1668-08-2", "921-60-8", "6106-04-3",
"1955-67-5", "56-85-9", "5934-29-2", "156-86-5", "672-15-1",
"2185-02-6", "73-32-5", "312-85-6", "61-90-5", "657-27-2", "1949-78-6",
"138-09-0", "63-68-3", "7314-32-1", "3226-65-1", "327-57-1",
"6600-40-4", "3184-13-2", "63-91-2", "147-85-3", "98-79-3", "3615-41-6",
"56-45-1", "87-79-6", "6106-24-7", "72-19-5", "73-22-3", "60-18-4",
"72-18-4", "4618-18-2", "9008-22-4", "922-55-4", "14933-08-5",
"83-72-7", "75706-12-6", "169494-85-3", "7298-84-2", "26607-15-8",
"14608-81-2", "32949-40-9", "30806-09-8", "17665-02-0", "16364-31-1",
"686-50-0", "1187-50-4", "38062-72-5", "36077-41-5", "3303-31-9",
"10329-75-6", "36077-39-1", "3063-05-6", "87178-63-0", "6209-12-7",
"5156-22-9", "968-21-8", "13588-95-9", "137-58-6", "859-18-7",
